2.5, 0, 1.19, 0, 0, 14, 14
2.5, 0.2, 1.19, -13, 0, 14, 14
2.5, 0.4, 1.19, -27, 0, 15, 14
2.5, 0.6, 1.19, -40, 0, 15, 14
2.5, 0.8, 1.19, -53, 0, 16, 14
2.5, 1.0, 1.19, -66, 0, 16, 14

2.5, -0.4, 1.19, -26, 0, 15, 14
2.5, -1.0, 1.19, 66, 0, 16, 14

2.5, 0, 0.59, 0, -39, 18, 19
2.5, 0, 0.79, 0, -26, 18, 17
2.5, 0, 0.99, 0, -13, 14, 14
2.5, 0, 1.39, 0, 13, 14, 14
2.5, 0, 1.59, 0, 27, 18, 17
2.5, 0, 1.79, 0, 40, 18, 19

2.5, 0.4, 1.59, -27, 27, 19, 19
2.5, -0.4, 1.59, 26, 27, 19, 19
2.5, -0.4, 0.79, 26, -26, 19, 19
2.5, 0.4, 0.79, -27, -26, 19, 19


3, 0, 1.19, 0, 0, 12, 12
3, 0, 1.59, 0, 22, 12, 12
3, 0, 1.99, 0, 44, 12, 13


3.5, 0, 1.19, 0, 0, 10, 10
3.5, -0.4, 1.19, 19, 0, 10, 10
3.5, 0, 1.59, 0, 19, 12, 12
3.5, 0, 1.99, 0, 38, 12, 11

3.5, -0.4, 0.79, 18, 18, 13, 13
3.5, -0.4, 1.59, 18, 19, 13, 13
3.5, 0.4, 1.59, -19, 19, 11, 11
3.5, 0.4, 0.79, -19, -18, 11, 11

4, -0.4, 1.59, 16, 16, 12, 12
4, -0.4, 1.79, 16, 24, 12, 12
4, 0, 2.19, 0, 41, 10, 10
4, 0, 3.19, 0, 82, 10, 11
4, 0, 3.79, 0, 106, 10, 11
4, 2.0, 3.19, 0, 106, 10, 11

4.5, -0.4, 1.79, 14, 22, 9, 8
