[image]

width
640

height
480

[narrow_stereo/left]

camera matrix
758.694001 0.000000 352.213439
0.000000 705.741421 268.882348
0.000000 0.000000 1.000000

distortion
0.026665 -0.265126 -0.000826 -0.003529 0.000000

rectification
1.000000 0.000000 0.000000
0.000000 1.000000 0.000000
0.000000 0.000000 1.000000

projection
754.784912 0.000000 351.023440 0.000000
0.000000 704.023315 268.380371 0.000000
0.000000 0.000000 1.000000 0.000000


D =  [0.026664659616295227, -0.2651262654521262, -0.0008263105096823348, -0.0035285719639669855, 0.0]
K =  [758.6940012777143, 0.0, 352.2134387368485, 0.0, 705.7414214722197, 268.8823483920896, 0.0, 0.0, 1.0]
R =  [1.0, 0.0, 0.0, 0.0, 1.0, 0.0, 0.0, 0.0, 1.0]
P =  [754.784912109375, 0.0, 351.0234396456144, 0.0, 0.0, 704.0233154296875, 268.38037091224396, 0.0, 0.0, 0.0, 1.0, 0.0]

